asdas
0
24|1
226.0|240.0|293.0|274.0
293.0|274.0|360.0|240.0
360.0|240.0|360.0|174.0
360.0|174.0|293.0|140.0
293.0|140.0|226.0|174.0
226.0|174.0|226.0|240.0
150.0|380.0|217.0|414.0
217.0|414.0|284.0|380.0
284.0|380.0|284.0|314.0
284.0|314.0|217.0|280.0
217.0|280.0|150.0|314.0
150.0|314.0|150.0|380.0
435.0|346.0|502.0|380.0
502.0|380.0|569.0|346.0
569.0|346.0|569.0|280.0
569.0|280.0|502.0|246.0
502.0|246.0|435.0|280.0
435.0|280.0|435.0|346.0
471.0|212.0|538.0|246.0
538.0|246.0|605.0|212.0
605.0|212.0|605.0|146.0
605.0|146.0|538.0|112.0
538.0|112.0|471.0|146.0
471.0|146.0|471.0|212.0
358.0|249.0|FASDF
22/09/2017
asdfafd
0
24|1
392.0|221.0|459.0|255.0
459.0|255.0|526.0|221.0
526.0|221.0|526.0|155.0
526.0|155.0|459.0|121.0
459.0|121.0|392.0|155.0
392.0|155.0|392.0|221.0
182.0|270.0|249.0|304.0
249.0|304.0|316.0|270.0
316.0|270.0|316.0|204.0
316.0|204.0|249.0|170.0
249.0|170.0|182.0|204.0
182.0|204.0|182.0|270.0
316.0|330.0|383.0|364.0
383.0|364.0|450.0|330.0
450.0|330.0|450.0|264.0
450.0|264.0|383.0|230.0
383.0|230.0|316.0|264.0
316.0|264.0|316.0|330.0
541.0|380.0|608.0|414.0
608.0|414.0|675.0|380.0
675.0|380.0|675.0|314.0
675.0|314.0|608.0|280.0
608.0|280.0|541.0|314.0
541.0|314.0|541.0|380.0
461.0|171.0|HG
22/09/2017
dsfadsf a
0
24|1
279.0|203.0|346.0|237.0
346.0|237.0|413.0|203.0
413.0|203.0|413.0|137.0
413.0|137.0|346.0|103.0
346.0|103.0|279.0|137.0
279.0|137.0|279.0|203.0
217.0|319.0|284.0|353.0
284.0|353.0|351.0|319.0
351.0|319.0|351.0|253.0
351.0|253.0|284.0|219.0
284.0|219.0|217.0|253.0
217.0|253.0|217.0|319.0
420.0|350.0|487.0|384.0
487.0|384.0|554.0|350.0
554.0|350.0|554.0|284.0
554.0|284.0|487.0|250.0
487.0|250.0|420.0|284.0
420.0|284.0|420.0|350.0
467.0|285.0|534.0|319.0
534.0|319.0|601.0|285.0
601.0|285.0|601.0|219.0
601.0|219.0|534.0|185.0
534.0|185.0|467.0|219.0
467.0|219.0|467.0|285.0
462.0|114.0|ASDF
22/09/2017
OK
3
PO
OP
KKKKK
33|1
535.0|154.0|521.0|164.0
535.0|154.0|521.0|144.0
247.0|281.0|314.0|315.0
314.0|315.0|381.0|281.0
381.0|281.0|381.0|215.0
381.0|215.0|314.0|181.0
314.0|181.0|247.0|215.0
247.0|215.0|247.0|281.0
460.0|301.0|527.0|335.0
527.0|335.0|594.0|301.0
594.0|301.0|594.0|235.0
594.0|235.0|527.0|201.0
460.0|235.0|460.0|301.0
88.0|441.0|155.0|475.0
155.0|475.0|222.0|441.0
222.0|441.0|222.0|375.0
222.0|375.0|155.0|341.0
155.0|341.0|88.0|375.0
88.0|375.0|88.0|441.0
116.0|273.0|183.0|307.0
183.0|307.0|250.0|273.0
250.0|273.0|250.0|207.0
250.0|207.0|183.0|173.0
183.0|173.0|116.0|207.0
116.0|207.0|116.0|273.0
418.0|238.0|398.0|238.0
408.0|248.0|408.0|228.0
304.0|329.0|284.0|329.0
294.0|339.0|294.0|319.0
179.0|230.0|159.0|230.0
169.0|240.0|169.0|220.0
310.0|128.0|290.0|128.0
300.0|138.0|300.0|118.0
472.0|74.0|ASDASDA
01/10/2017
Seminar1
0
38|1
170|69|299|69
299|69|285|79
299|69|285|59
155|183|222|217
222|217|289|183
289|183|289|117
289|117|222|83
222|83|155|117
155|117|155|183
348|266|415|300
415|300|482|266
482|266|482|200
482|200|415|166
415|166|348|200
348|200|348|266
168|313|235|347
235|347|302|313
302|313|302|247
302|247|235|213
235|213|168|247
168|247|168|313
400|433|467|467
467|467|534|433
534|433|534|367
534|367|467|333
467|333|400|367
400|367|400|433
440|223|507|257
507|257|574|223
574|223|574|157
574|157|507|123
507|123|440|157
440|157|440|223
131|328|391|500
391|500|479|322
479|322|47|315
47|315|335|164
335|164|515|83
413|132|COTOARA
08/10/2017
